6.76 0.67 15.4 0.9
3.76 0.35 15.4 0.91
7.29 0.73 15.4 0.91
7.29 0.73 15.4 0.92
2.74 0.25 15.4 0.92
4.46 0.42 15.4 0.93
4.46 0.42 15.4 0.93
4.47 0.42 15.4 0.95
4.47 0.42 15.4 0.95
4.47 0.42 15.4 0.96
4.47 0.42 15.4 0.96
4.47 0.42 15.4 0.97
4.46 0.42 15.4 0.97
4.47 0.42 15.4 0.97
4.47 0.42 15.4 0.98
4.47 0.42 15.4 0.98
4.47 0.42 15.4 0.99
4.47 0.42 15.4 0.99
4.46 0.42 15.4 1.0
4.47 0.42 15.4 1.0
4.47 0.42 15.4 1.01
4.47 0.42 15.4 1.01
4.46 0.42 15.4 1.01
4.47 0.42 15.4 1.02
4.47 0.42 15.4 1.02
4.47 0.42 15.4 1.03
4.47 0.42 15.4 1.03
2.81 0.26 15.4 1.04
2.8 0.26 15.4 1.04
2.8 0.26 15.4 1.04
2.8 0.26 15.4 1.04
2.81 0.26 15.4 1.05
2.8 0.26 15.4 1.05
2.8 0.26 15.4 1.05
2.81 0.26 15.4 1.06
2.8 0.26 15.4 1.06
2.81 0.26 15.4 1.06
2.8 0.26 15.4 1.06
2.81 0.26 15.4 1.07
2.8 0.26 15.4 1.07
2.8 0.26 15.4 1.07
2.8 0.26 15.4 1.07
2.81 0.26 15.4 1.08
2.81 0.26 15.4 1.08
2.8 0.26 15.4 1.08
2.88 0.26 15.4 1.09
2.88 0.26 15.4 1.09
6.43 0.63 15.4 1.09
6.44 0.63 15.4 1.1
6.43 0.63 15.4 1.11
6.43 0.63 15.4 1.11
4.31 0.4 15.4 1.12
3.19 0.29 15.4 1.12
3.19 0.29 15.4 1.12
3.2 0.29 15.4 1.13
3.19 0.29 15.4 1.13
3.19 0.29 15.4 1.13
3.2 0.29 15.4 1.14
3.19 0.29 15.4 1.14
3.19 0.29 15.4 1.14
3.19 0.29 15.4 1.15
3.19 0.29 15.4 1.15
3.19 0.29 15.4 1.15
3.19 0.29 15.4 1.16
3.19 0.29 15.4 1.16
3.19 0.29 15.4 1.16
3.19 0.29 15.4 1.17
3.19 0.29 15.4 1.17
3.2 0.29 15.4 1.17
3.19 0.29 15.4 1.17
3.19 0.29 15.4 1.18
3.19 0.29 15.4 1.18
3.19 0.29 15.4 1.18
3.19 0.29 15.4 1.19
3.19 0.29 15.4 1.19
3.2 0.29 15.4 1.19
3.19 0.29 15.4 1.2
3.19 0.29 15.4 1.2
3.19 0.29 15.4 1.2
3.19 0.29 15.4 1.21
3.19 0.29 15.4 1.21
3.19 0.29 15.4 1.21
3.2 0.29 15.4 1.22
3.19 0.29 15.4 1.22
3.19 0.29 15.4 1.22
3.19 0.29 15.4 1.23
3.19 0.29 15.4 1.23
3.19 0.29 15.4 1.23
3.19 0.29 15.4 1.23
3.19 0.29 15.4 1.24
3.2 0.29 15.4 1.24
3.19 0.29 15.4 1.24
3.19 0.29 15.4 1.25
3.19 0.29 15.4 1.25
3.19 0.29 15.4 1.25
3.19 0.29 15.4 1.26
3.19 0.29 15.4 1.26
3.19 0.29 15.4 1.26
3.19 0.29 15.4 1.27
3.19 0.29 15.4 1.27
3.19 0.29 15.4 1.27
3.19 0.29 15.4 1.28
3.19 0.29 15.4 1.28
3.19 0.29 15.4 1.28
3.19 0.29 15.4 1.29
3.19 0.29 15.4 1.29
3.19 0.29 15.4 1.29
3.19 0.29 15.4 1.29
3.19 0.29 15.4 1.3
3.2 0.29 15.4 1.3
3.19 0.29 15.4 1.3
3.19 0.29 15.4 1.31
3.19 0.29 15.4 1.31
3.2 0.29 15.4 1.31
3.19 0.29 15.4 1.32
3.19 0.29 15.4 1.32
3.19 0.29 15.4 1.32
3.19 0.29 15.4 1.33
3.19 0.29 15.4 1.33
3.19 0.29 15.4 1.33
8.87 0.97 15.4 1.34
3.06 0.28 15.4 1.34
6.76 0.67 15.4 1.35
6.75 0.67 15.4 1.36
6.75 0.67 15.4 1.36
6.75 0.67 15.4 1.37
6.75 0.67 15.4 1.38
6.76 0.67 15.4 1.38
6.76 0.67 15.4 1.39
6.76 0.67 15.4 1.4
6.75 0.67 15.4 1.4
6.76 0.67 15.4 1.41
6.76 0.67 15.4 1.41
6.75 0.67 15.4 1.42
6.75 0.67 15.4 1.43
6.75 0.67 15.4 1.43
6.76 0.67 15.4 1.44
6.75 0.67 15.4 1.45
6.75 0.67 15.4 1.45
6.75 0.67 15.4 1.46
6.75 0.67 15.4 1.47
6.75 0.67 15.4 1.47
6.76 0.67 15.4 1.48
6.75 0.67 15.4 1.49
6.76 0.67 15.4 1.5
6.75 0.67 15.4 1.5
6.75 0.67 15.4 1.51
6.75 0.67 15.4 1.52
6.75 0.67 15.4 1.52
6.75 0.67 15.4 1.53
6.75 0.67 15.4 1.54
6.75 0.67 15.4 1.54
6.76 0.67 15.4 1.55
6.75 0.67 15.4 1.56
6.76 0.67 15.4 1.56
6.76 0.67 15.4 1.57
6.75 0.67 15.4 1.58
6.76 0.67 15.4 1.58
6.75 0.67 15.4 1.59
6.75 0.67 15.4 1.6
6.76 0.67 15.4 1.6
6.75 0.67 15.4 1.61
8.67 0.93 15.4 0.31
8.67 0.93 15.4 0.32
3.29 0.3 15.4 0.33
3.29 0.3 15.4 0.33
3.29 0.3 15.4 0.33
3.29 0.3 15.4 0.34
3.28 0.3 15.4 0.34
3.29 0.3 15.4 0.34
3.29 0.3 15.4 0.35
3.29 0.3 15.4 0.35
3.29 0.3 15.4 0.35
3.29 0.3 15.4 0.36
3.29 0.3 15.4 0.36
